{
    "machine_translation_P": 0.9384615384615385,
    "machine_translation_R": 0.9682539682539683,
    "machine_translation_F1": 0.9531249999999502,
    "dialogue_P": 0.8695652173913043,
    "dialogue_R": 0.8955223880597015,
    "dialogue_F1": 0.8823529411764206,
    "natural_language_learning_P": 0.717948717948718,
    "natural_language_learning_R": 0.7777777777777778,
    "natural_language_learning_F1": 0.7466666666666167,
    "semantics_P": 0.8333333333333334,
    "semantics_R": 0.5813953488372093,
    "semantics_F1": 0.6849315068492667,
    "nlg_P": 0.88,
    "nlg_R": 0.88,
    "nlg_F1": 0.87999999999995,
    "bio_nlp_P": 0.918918918918919,
    "bio_nlp_R": 0.9714285714285714,
    "bio_nlp_F1": 0.9444444444443946,
    "annotation_P": 0.47619047619047616,
    "annotation_R": 0.5263157894736842,
    "annotation_F1": 0.49999999999995015,
    "chinese_language_P": 0.7272727272727273,
    "chinese_language_R": 0.9411764705882353,
    "chinese_language_F1": 0.8205128205127713,
    "educational_applications_P": 0.9,
    "educational_applications_R": 0.8181818181818182,
    "educational_applications_F1": 0.8571428571428074,
    "multiword_expressions_P": 0.75,
    "multiword_expressions_R": 0.5,
    "multiword_expressions_F1": 0.599999999999952,
    "average_F1": 0.7869176236792079,
    "accuracy": 0.8322981366459627,
    "loss": 0.6124756641504241
}