{
    "machine_translation_P": 0.9516129032258065,
    "machine_translation_R": 0.9365079365079365,
    "machine_translation_F1": 0.94399999999995,
    "dialogue_P": 0.8923076923076924,
    "dialogue_R": 0.8656716417910447,
    "dialogue_F1": 0.8787878787878288,
    "natural_language_learning_P": 0.7777777777777778,
    "natural_language_learning_R": 0.7777777777777778,
    "natural_language_learning_F1": 0.7777777777777278,
    "semantics_P": 0.8214285714285714,
    "semantics_R": 0.5348837209302325,
    "semantics_F1": 0.6478873239436143,
    "nlg_P": 0.9565217391304348,
    "nlg_R": 0.88,
    "nlg_F1": 0.9166666666666168,
    "bio_nlp_P": 0.918918918918919,
    "bio_nlp_R": 0.9714285714285714,
    "bio_nlp_F1": 0.9444444444443946,
    "annotation_P": 0.4411764705882353,
    "annotation_R": 0.7894736842105263,
    "annotation_F1": 0.5660377358490106,
    "chinese_language_P": 0.8,
    "chinese_language_R": 0.9411764705882353,
    "chinese_language_F1": 0.8648648648648152,
    "educational_applications_P": 0.8333333333333334,
    "educational_applications_R": 0.9090909090909091,
    "educational_applications_F1": 0.8695652173912545,
    "multiword_expressions_P": 0.8,
    "multiword_expressions_R": 0.6666666666666666,
    "multiword_expressions_F1": 0.7272727272726777,
    "average_F1": 0.813730463699789,
    "accuracy": 0.8354037267080745,
    "loss": 0.6115584046375461
}