{
    "machine_translation_P": 0.9516129032258065,
    "machine_translation_R": 0.9365079365079365,
    "machine_translation_F1": 0.94399999999995,
    "dialogue_P": 0.8450704225352113,
    "dialogue_R": 0.8955223880597015,
    "dialogue_F1": 0.8695652173912544,
    "natural_language_learning_P": 0.7380952380952381,
    "natural_language_learning_R": 0.8611111111111112,
    "natural_language_learning_F1": 0.7948717948717453,
    "semantics_P": 0.8928571428571429,
    "semantics_R": 0.5813953488372093,
    "semantics_F1": 0.7042253521126284,
    "nlg_P": 0.88,
    "nlg_R": 0.88,
    "nlg_F1": 0.87999999999995,
    "bio_nlp_P": 0.9166666666666666,
    "bio_nlp_R": 0.9428571428571428,
    "bio_nlp_F1": 0.9295774647886823,
    "annotation_P": 0.5789473684210527,
    "annotation_R": 0.5789473684210527,
    "annotation_F1": 0.5789473684210027,
    "chinese_language_P": 0.7727272727272727,
    "chinese_language_R": 1.0,
    "chinese_language_F1": 0.8717948717948226,
    "educational_applications_P": 0.8333333333333334,
    "educational_applications_R": 0.9090909090909091,
    "educational_applications_F1": 0.8695652173912545,
    "multiword_expressions_P": 0.6,
    "multiword_expressions_R": 0.5,
    "multiword_expressions_F1": 0.5454545454544959,
    "average_F1": 0.7988001832225786,
    "accuracy": 0.8416149068322981,
    "loss": 0.7782865748172854
}