{
    "machine_translation_P": 0.8970588235294118,
    "machine_translation_R": 0.9682539682539683,
    "machine_translation_F1": 0.9312977099236143,
    "dialogue_P": 0.8833333333333333,
    "dialogue_R": 0.7910447761194029,
    "dialogue_F1": 0.8346456692912888,
    "natural_language_learning_P": 0.5227272727272727,
    "natural_language_learning_R": 0.6388888888888888,
    "natural_language_learning_F1": 0.5749999999999504,
    "semantics_P": 0.5909090909090909,
    "semantics_R": 0.6046511627906976,
    "semantics_F1": 0.5977011494252373,
    "nlg_P": 0.84,
    "nlg_R": 0.84,
    "nlg_F1": 0.8399999999999499,
    "bio_nlp_P": 0.8709677419354839,
    "bio_nlp_R": 0.7714285714285715,
    "bio_nlp_F1": 0.8181818181817685,
    "annotation_P": 0.45454545454545453,
    "annotation_R": 0.5263157894736842,
    "annotation_F1": 0.48780487804873074,
    "chinese_language_P": 0.6,
    "chinese_language_R": 0.35294117647058826,
    "chinese_language_F1": 0.4444444444443978,
    "educational_applications_P": 0.6923076923076923,
    "educational_applications_R": 0.8181818181818182,
    "educational_applications_F1": 0.7499999999999505,
    "multiword_expressions_P": 0.8,
    "multiword_expressions_R": 0.6666666666666666,
    "multiword_expressions_F1": 0.7272727272726777,
    "average_F1": 0.7006348396587565,
    "accuracy": 0.7453416149068323,
    "loss": 0.8156934562252789
}