{
    "machine_translation_P": 0.8955223880597015,
    "machine_translation_R": 0.9523809523809523,
    "machine_translation_F1": 0.9230769230768731,
    "dialogue_P": 0.8709677419354839,
    "dialogue_R": 0.8059701492537313,
    "dialogue_F1": 0.8372093023255315,
    "natural_language_learning_P": 0.5777777777777777,
    "natural_language_learning_R": 0.7222222222222222,
    "natural_language_learning_F1": 0.641975308641926,
    "semantics_P": 0.6666666666666666,
    "semantics_R": 0.6511627906976745,
    "semantics_F1": 0.6588235294117147,
    "nlg_P": 0.8518518518518519,
    "nlg_R": 0.92,
    "nlg_F1": 0.8846153846153347,
    "bio_nlp_P": 0.8235294117647058,
    "bio_nlp_R": 0.8,
    "bio_nlp_F1": 0.8115942028985008,
    "annotation_P": 0.625,
    "annotation_R": 0.5263157894736842,
    "annotation_F1": 0.5714285714285219,
    "chinese_language_P": 0.6666666666666666,
    "chinese_language_R": 0.47058823529411764,
    "chinese_language_F1": 0.5517241379309861,
    "educational_applications_P": 0.8181818181818182,
    "educational_applications_R": 0.8181818181818182,
    "educational_applications_F1": 0.8181818181817683,
    "multiword_expressions_P": 0.6666666666666666,
    "multiword_expressions_R": 0.6666666666666666,
    "multiword_expressions_F1": 0.6666666666666167,
    "average_F1": 0.7365295845177775,
    "accuracy": 0.7763975155279503,
    "loss": 0.8316050782436277
}